523.251	273
659.255	273
523.251	273
659.255	273
783.991	273
659.255	273
523.251	273
659.255	273
493.883	273
659.255	273
493.883	273
659.255	273
783.991	273
659.255	273
493.883	273
659.255	273
523.251	273
659.255	273
523.251	273
659.255	273
783.991	273
659.255	273
523.251	273
987.767	273
659.255	273
523.251	273
987.767	273
1046.5 273
523.251	273
659.255	273
523.251	273
659.255	273
783.991	273
659.255	273
523.251	273
659.255	273
523.251	273
659.255	273
523.251	273
659.255	273
783.991	273
659.255	273
523.251	273
659.255	273
587.33 273
659.255	273
587.33 273
659.255	273
587.33 273
659.255	273
587.33 273
659.255	273
493.883	273
659.255	273
493.883	273
659.255	273
783.991	273
659.255	273
493.883	273
659.255	273
523.251	273
659.255	273
523.251	273
659.255	273
783.991	273
659.255	273
523.251	273
659.255	273
987.767	545
659.255	273
523.251	273
987.767	273
1046.5 545