391.995	545
391.995	545
391.995	545
311.127	545
466.164	545
391.995	545
311.127	545
466.164	545
391.995	545
587.33 545
587.33 545
587.33 545
622.254	545
466.164	545
369.994	545
311.127	545
466.164	545
391.995	545
783.991	545
391.995	545
391.995	545
783.991	545
739.989	545
698.456	545
659.255	545
622.254	545
659.255	545
415.305	545
554.365	545
523.251	545
493.883	545
466.164	545
440 545
466.164	545
311.127	545
369.994	545
311.127	545
369.994	545
493.883	545
391.995	545
415.305	545
587.33 545
783.991	545
391.995	545
391.995	545
783.991	545
739.989	545
698.456	545
659.255	545
622.254	545
659.255	545
415.305	545
554.365	545
523.251	545
493.883	545
466.164	545
440 545
466.164	545
311.127	545
369.994	545
311.127	545
466.164	545
391.995	545
311.127	545
466.164	545
391.995	545

